# lnL sigma_lnL x0 x1 w
0.0 0.0 1.0635687748417306 0.9876910895726669 0.9110413359746601
0.0 0.0 1.0004095646789062 0.9810911009850523 0.8512135724859966
0.0 0.0 1.0095574751665712 1.0443522571535662 0.9143857022125378
0.0 0.0 1.0736121874799096 1.0025624859019824 0.9334912489889563
0.0 0.0 1.0767208993324173 1.0314001186687707 0.9631228530633021
0.0 0.0 1.0171351994781672 1.038387825168807 0.9159876949105749
0.0 0.0 1.080150277664825 1.026757235522646 0.9618410798299285
0.0 0.0 1.0120437551142973 1.0320525458178489 0.905842028637586
0.0 0.0 1.0008263103084656 0.9953408928142288 0.8639367114600744
0.0 0.0 1.0842646487472407 1.0340919906705028 0.9724019941028355
0.0 0.0 1.0653633423825843 1.0405421625412852 0.9614103645038353
0.0 0.0 1.0113627896861084 1.0207425298091812 0.8953122964522899
0.0 0.0 1.0259316013208595 0.9892857537862555 0.8802206046376275
0.0 0.0 1.0399084681202833 1.0140425055019402 0.914539867589241
0.0 0.0 1.003304257725439 1.008956765911777 0.8779233101179397
0.0 0.0 1.0619728655204694 1.0106081149188426 0.9307811285977177
0.0 0.0 1.097873567903784 1.0405532822662942 0.9907589878055651
0.0 0.0 1.0231877541163938 1.0474835377551899 0.929509661108253
0.0 0.0 1.0229265147847346 1.0244976791441438 0.9088804939423479
0.0 0.0 1.0241854999077644 0.9868236142732424 0.8765355293774508
0.0 0.0 1.0568499614228106 1.0142396201136568 0.9296196084456713
0.0 0.0 1.0086475506060868 1.0329219174815853 0.9035627094984776
0.0 0.0 1.0492512846471826 1.018169241199267 0.926511577557468
0.0 0.0 1.0189352261644964 1.0458913996420247 0.9242395238633148
0.0 0.0 1.066615643816357 0.9839451419175502 0.9101861086074186
0.0 0.0 1.001851216143439 1.0328958097367196 0.89745175947772
0.0 0.0 1.012824130024927 1.0066234581899902 0.8842039579672818
0.0 0.0 1.0930153441332295 1.0042793662931848 0.9519895182971221
0.0 0.0 1.033509838515729 1.033091174684556 0.9259864567815872
0.0 0.0 1.0790092542316443 0.9989836398850173 0.9348348914441234
0.0 0.0 1.0400047145754834 0.9983562108237853 0.9004761200857843
0.0 0.0 1.0157469154966392 1.0166572058800327 0.8955945115535404
0.0 0.0 1.078265173750015 1.0436011325363939 0.9759138651211543
0.0 0.0 1.0057130618017691 1.0481783515086818 0.9142408962481365
0.0 0.0 1.0578579482902795 1.0114870483140481 0.9279809218326349
0.0 0.0 1.0852169902085282 0.9952661314602667 0.9367143597444493
0.0 0.0 1.036650691046033 0.9818798560995472 0.8827590118960675
0.0 0.0 1.0686632248575723 0.9950948676204264 0.9222671055017925
0.0 0.0 1.0093232614868108 1.0248658723526773 0.8971161644675698
0.0 0.0 1.003265904359233 1.0229484200310726 0.890063838960896
0.0 0.0 1.0299964487290374 1.0108058963157422 0.9029316200821489
0.0 0.0 1.0159063943642355 0.9876882032564607 0.8702117211111939
0.0 0.0 1.0313450574551077 0.9877245390570859 0.8834687722768743
0.0 0.0 1.0700934276353595 1.0182898887662166 0.9450276080001689
0.0 0.0 1.0565831991066439 0.9953909271607192 0.9121132120621485
0.0 0.0 1.0227149826879887 1.0071312971712076 0.8932891901634317
0.0 0.0 1.0875408879706052 1.020663551858622 0.9626747222347293
0.0 0.0 1.0102641548491003 1.0398870097867907 0.9111134654813857
0.0 0.0 1.0500194151378237 1.0393198596164877 0.9464505401204871
0.0 0.0 1.0786427600049266 1.0423754312623073 0.975109005565192
0.0 0.0 1.0258589283392345 1.0036433795496449 0.892932098185516
0.0 0.0 1.088584170481799 1.036242671867133 0.978306311023992
0.0 0.0 1.0191291376577811 1.0189371598873542 0.9005917983737739
0.0 0.0 1.0234003795707431 1.0194844839021853 0.9048520239889888
0.0 0.0 1.0068296853661824 0.9891316169412891 0.8636971049635779
0.0 0.0 1.083737869837189 1.0252718827395753 0.9636396582189507
0.0 0.0 1.0932174584828505 1.026352042895478 0.9730928417712782
0.0 0.0 1.0818934628882815 1.0367998106633698 0.9728161547229475
0.0 0.0 1.0689810794374897 1.0363450846864724 0.9607840360191545
0.0 0.0 1.0729636873996506 1.0174822703567719 0.9468108862109521
0.0 0.0 1.07248725864505 1.0242204592842514 0.9526578627734131
0.0 0.0 1.009264201247245 1.0029079140987527 0.8778438997289151
0.0 0.0 1.0094950728557575 0.9846503708259422 0.8620602507950699
0.0 0.0 1.0849205709794998 1.023856346175576 0.9633593979141897
0.0 0.0 1.0339329157770347 1.0135459504994235 0.9088394546079693
0.0 0.0 1.0884254140347256 1.0175912544220551 0.9605575891263465
0.0 0.0 1.0074674527261538 1.013484773859663 0.8855225421322397
0.0 0.0 1.0649240861713423 1.0118340206437537 0.9344999779247615
0.0 0.0 1.0647258101754775 1.0483022340378325 0.9680006777289811
0.0 0.0 1.0811676187096626 1.0297983248846005 0.9655984925320666
0.0 0.0 1.0736911781654137 1.048329127164447 0.9761766280604363
0.0 0.0 1.0418356848223043 1.0442982792964137 0.94357224827911
0.0 0.0 1.034333524920759 1.015835049226901 0.9112450087382588
0.0 0.0 1.057392309688398 1.0108652467180594 0.9270022354245814
0.0 0.0 1.0312818879375933 1.0276961180404562 0.91916499077918
0.0 0.0 1.0748731263168148 1.021509638374305 0.9522501323789035
0.0 0.0 1.0755842242274507 1.0183171770759898 0.9499021296267045
0.0 0.0 1.0580507567859512 0.9874951059348851 0.9061348258534355
0.0 0.0 1.035191023914013 1.0027058001390805 0.9002132331262536
0.0 0.0 1.0537113486056677 1.0227112100441407 0.9346005706547124
0.0 0.0 1.033422731277165 1.031590801236622 0.9245637015774629
0.0 0.0 1.0756855289803282 0.9861640824672288 0.9199958643634402
0.0 0.0 1.0161164829494478 0.9895594072503942 0.8720406624843062
0.0 0.0 1.0577080078564352 0.9803461252342712 0.8992834420633493
0.0 0.0 1.0618995251325785 1.0497234056096307 0.9667399710284239
0.0 0.0 1.0314677776405217 1.0233639711331592 0.9154553277352355
0.0 0.0 1.0368575547760945 1.0344977999530078 0.930250765000698
0.0 0.0 1.0818494447537308 1.034387612773164 0.9705133318316947
0.0 0.0 1.0908781206431557 1.0136185937193005 0.9589637000792847
0.0 0.0 1.0950507084101444 1.0199660431831148 0.9686598788360454
0.0 0.0 1.0008732954872892 1.0429599900981723 0.9053116692418192
0.0 0.0 1.020748061090153 0.9936278224148214 0.879617123797527
0.0 0.0 1.0448345962404213 1.03387029107174 0.9368390137788299
0.0 0.0 1.0633425043366787 1.0408378246307306 0.9598593692316822
0.0 0.0 1.0660915490581124 1.0158836300264 0.9392686581898705
0.0 0.0 1.0185991071359641 0.9995463391605365 0.882993673839395
0.0 0.0 1.0181779314438768 1.008135790890368 0.8902133053784841
0.0 0.0 1.074944642138837 1.040739879336563 0.9702410912261338
0.0 0.0 1.0477361685848579 1.026496344785214 0.9327402362468813
0.0 0.0 1.045255958346435 0.9910826764108193 0.8984292958566328
0.0 0.0 1.0419383784755956 0.9849251468636637 0.8900135712129922
0.0 0.0 1.0319595434767155 0.9946663314384311 0.8902079275775157
0.0 0.0 1.0671193006325266 0.9846363603547692 0.9112556041334188
0.0 0.0 1.0550142638062627 0.9873540737326417 0.9034052743357253
0.0 0.0 1.0963003288787094 1.0318175294520242 0.9810334468357305
0.0 0.0 1.0937997866464397 1.0243074233536291 0.9716716294539188
0.0 0.0 1.0207675136090886 1.0187826968456644 0.9019028686410497
0.0 0.0 1.0007532892744224 1.0014064910477405 0.8691381162304925
0.0 0.0 1.0107352346688936 0.9946244788836989 0.8718623369476715
0.0 0.0 1.0493571846261078 1.0348194460011788 0.9417579382766729
0.0 0.0 1.0647166009296682 0.9829176440953146 0.9076167970801943
0.0 0.0 1.0001999623771647 0.9933807235538844 0.8616957088987269
0.0 0.0 1.0595558082492695 1.0237880436208457 0.9407738949718858
0.0 0.0 1.0509940576957075 1.0217255257087643 0.931291999531545
0.0 0.0 1.0303234244577033 0.9867616480626953 0.8817332197319465
0.0 0.0 1.0280852145008625 1.0119070844564053 0.9022380069035542
0.0 0.0 1.0343275972005235 0.9804407599557994 0.8794898634302841
0.0 0.0 1.0852625517642993 0.98046987526691 0.9228273134357265
0.0 0.0 1.0392107156142245 0.9933336000521094 0.8952619160876247
0.0 0.0 1.0512225070439298 0.9951909658354019 0.9073032022555848
0.0 0.0 1.019346543986376 1.004237658222227 0.887788931094793
0.0 0.0 1.055264247076217 1.0451486081716097 0.9565124756920022
0.0 0.0 1.0063893087303781 1.0325896168157207 0.9012497062934588
0.0 0.0 1.0223160076351334 1.003150602402758 0.8894113503626969
0.0 0.0 1.092371962779242 1.0331370978743706 0.9787682419459585
0.0 0.0 1.0597946483746457 1.028394090431821 0.9452194780950882
0.0 0.0 1.054459289156871 1.0026691683491284 0.9169356239599467
0.0 0.0 1.0861054233225862 0.9825280733703414 0.9254827289221829
0.0 0.0 1.0586057254261136 1.0142704609346107 0.9311923170287834
0.0 0.0 1.0261302182137035 1.0298471627749195 0.9164876606738767
0.0 0.0 1.0446318860452883 1.0059016827028833 0.9113184874921569
0.0 0.0 1.0921973715194964 0.9920358850813934 0.9396797702877611
0.0 0.0 1.0310222407739562 1.0083419810001364 0.9016277103299568
0.0 0.0 1.0302481663542697 1.0129045229776974 0.9050274018726326
0.0 0.0 1.0339751081556001 0.9855600583222756 0.8837807674258871
0.0 0.0 1.0831782431512011 0.9901525182626962 0.9301508612961331
0.0 0.0 1.0800653355090117 0.9802978993933464 0.9182468935301304
0.0 0.0 1.0792505259651497 1.0027388787778766 0.9385588107903685
0.0 0.0 1.0582450846921259 1.0104443213978431 0.9273635363149331
0.0 0.0 1.0285561068379823 1.0151946149456528 0.9055838327430145
0.0 0.0 1.0959579496969536 0.9843123479860313 0.9355741044296615
0.0 0.0 1.0392211609696316 1.0264175334601013 0.9250887756870119
0.0 0.0 1.0739822214040002 1.007220663330158 0.9381517370747029
0.0 0.0 1.0501483272916916 1.046370250601181 0.9529879224756761
0.0 0.0 1.007002044067246 0.9971332811457726 0.8708331080272179
0.0 0.0 1.027151134152537 1.0044938199324462 0.8948144468740721
0.0 0.0 1.0861995567276785 1.038221669701644 0.978027527282349
0.0 0.0 1.092493211567691 0.9800197064185786 0.9285492077448821
0.0 0.0 1.0847844468306522 1.0338492561082366 0.9726398016969938
0.0 0.0 1.0739792021315895 1.0110612076770928 0.9417262733154369
0.0 0.0 1.0179646149938533 1.028570233361507 0.9080672268055874
0.0 0.0 1.0927649810399165 1.0460661186301021 0.9913734250748224
0.0 0.0 1.0750088631548196 1.0301091068744859 0.960387811333378
0.0 0.0 1.0721990359657707 1.0334200328057785 0.9609563402550497
0.0 0.0 1.036559598929904 1.0181606491445785 0.9152968205658938
0.0 0.0 1.0684073848912883 0.9800447334319329 0.9081009886376168
0.0 0.0 1.0946022823871135 1.0233723359773246 0.9714968354695199
0.0 0.0 1.0933012751385176 1.022533724857759 0.9695469921084928
0.0 0.0 1.0346579699228204 1.0452337120836763 0.937910902337729
0.0 0.0 1.0007519938547784 1.0151776054026656 0.881089165448908
0.0 0.0 1.076004449104134 1.0134522008927747 0.9457333525881659
0.0 0.0 1.0347079579203708 0.9920213311700409 0.8902052845776364
0.0 0.0 1.0407989795379935 1.015015452262767 0.9162012493642019
0.0 0.0 1.0505913078540665 0.9911491559847095 0.9030757632820324
0.0 0.0 1.0655759322796574 1.0153484969806672 0.9383198439148923
0.0 0.0 1.034474217079107 1.0186330832300008 0.9138792489018237
0.0 0.0 1.0424921840263703 0.9948764303697071 0.8994837415643362
0.0 0.0 1.0838383614571068 0.9863320378482544 0.9271265679173699
0.0 0.0 1.013124139988665 1.0087218905157207 0.8863096487551617
0.0 0.0 1.0544099770012614 1.0215260399157509 0.9341364454997346
0.0 0.0 1.0185571508306788 1.0333960188310438 0.9128586901122663
0.0 0.0 1.0609498100521442 0.9857653617786435 0.9070260517451729
0.0 0.0 1.0943150591768118 1.0200065530379083 0.9680475845781815
0.0 0.0 1.0496789086991583 1.0118968807148483 0.9211791428072111
0.0 0.0 1.065731968816951 0.9984374266810849 0.92282683272613
0.0 0.0 1.0305604764895804 1.0063753228820311 0.8994661617257703
0.0 0.0 1.0921325017722452 1.023802712753626 0.9697124598034234
0.0 0.0 1.0266372681041789 1.0176682547482063 0.9060968507298977
0.0 0.0 1.0609815799824192 1.0230350017923133 0.9413469176474543
0.0 0.0 1.092721166449934 1.0489795136367623 0.9940946356716232
0.0 0.0 1.0598772394063725 1.031045078669269 0.9477299112469024
0.0 0.0 1.0852377858755238 0.9906729236310576 0.9324092386741717
0.0 0.0 1.0544109772920705 1.0342670704510735 0.9457884025412799
0.0 0.0 1.0655139363521036 1.0171667191356504 0.9399454381657928
0.0 0.0 1.0648479366634993 0.9876231015525275 0.9120742647130049
0.0 0.0 1.082087872790388 1.0206456039486815 0.9578309524649851
0.0 0.0 1.0291513813029753 0.9920340122998755 0.8854360330248934
0.0 0.0 1.0539508689905002 1.0176330857678628 0.9301713372930642
0.0 0.0 1.0398420498916037 1.0356861620515434 0.9340000886343247
0.0 0.0 1.0418304901976592 1.0327958493828084 0.933174613002252
0.0 0.0 1.0725001346163154 1.035329640924395 0.9630024038862098
0.0 0.0 1.0611174571618402 0.9873505792451566 0.9086282030385335
0.0 0.0 1.0550746227977246 0.9833689727173726 0.8998104791747152
0.0 0.0 1.0253977731663102 1.0018212676614304 0.8909103106057149
0.0 0.0 1.0968160512689324 1.0144565991348102 0.9649807217387257
0.0 0.0 1.0356193461877197 1.0076632506706171 0.9050382681256043
0.0 0.0 1.085275703645119 1.028160179731131 0.9677255963639882
0.0 0.0 1.0756118119356892 1.0106875531579953 0.9428092790929091
0.0 0.0 1.0533571374335235 0.9864329304918854 0.901144782309904
0.0 0.0 1.0055776213633192 1.0406137674217932 0.9075206903306707
0.0 0.0 1.0738532385494208 1.0484969253104781 0.9764802426539059
0.0 0.0 1.091231525715927 0.9994880226075232 0.9459013960471434
0.0 0.0 1.0277053670367822 0.9953029720678079 0.8871055443069661
0.0 0.0 1.0330617471969321 1.0378029040580286 0.9298063979844842
0.0 0.0 1.019489918472746 1.0306544349765816 0.9112706439227367
0.0 0.0 1.0329782136922008 1.0366989374052593 0.9287422087254236
0.0 0.0 1.0314295245986418 1.0039705453512147 0.8980735350785614
0.0 0.0 1.0780128215143736 1.0372573118532127 0.9697544903585468
0.0 0.0 1.0361643807152632 1.0374875969966437 0.9323155769907181
0.0 0.0 1.0194487311997942 1.0127967525881436 0.8954452930409221
0.0 0.0 1.082033867178842 1.0484534682666964 0.9838783019850091
0.0 0.0 1.029170431584156 0.9935844306696299 0.8868362684363857
0.0 0.0 1.0389138133487832 1.0480405822291976 0.9442978229818944
0.0 0.0 1.0034061606090856 1.0478558806058844 0.9118631935683011
0.0 0.0 1.094492716810726 0.9854877022121552 0.9354389585071482
0.0 0.0 1.0686282482562843 0.9944477988816129 0.9216372280924772
0.0 0.0 1.0423897284346575 1.0125030128839865 0.9153302505752119
0.0 0.0 1.036840958605419 1.0399307440647263 0.9351212597052044
0.0 0.0 1.0319501484197184 0.9876074832367185 0.883882342271998
0.0 0.0 1.0637309878748478 1.0437003207545457 0.9628508008991863
0.0 0.0 1.0049834810330251 1.0082165084970065 0.8787474861449309
0.0 0.0 1.096835848210687 1.0361612775825069 0.9856446353167506
0.0 0.0 1.0773248705713359 1.0336478048135649 0.9657631728628423
0.0 0.0 1.090703556273851 1.0062280121415077 0.9518192865921196
0.0 0.0 1.0345097183094825 0.99411844465796 0.8919162460509799
0.0 0.0 1.0973280904753053 0.9981584427193674 0.9499206951650935
0.0 0.0 1.0303903696349959 1.0454248009699805 0.9342131106427781
0.0 0.0 1.0786718745928114 1.0288945115387311 0.9625240142940251
0.0 0.0 1.0084116277764215 1.023080944119462 0.8947448522377538
0.0 0.0 1.0961810999291426 1.0381453049997202 0.9869424340643849
0.0 0.0 1.002347341970174 1.0430421215982566 0.9067163732544556
0.0 0.0 1.011567313640228 0.9803903549434162 0.8600925498314421
0.0 0.0 1.0651614034595338 0.9964046202240177 0.9204549167738293
0.0 0.0 1.02328265473169 1.0195115336795637 0.9047719416211732
0.0 0.0 1.0302954193078016 0.9867231165930298 0.8816748240610602
0.0 0.0 1.0861867956904365 1.0037174143528058 0.9455126555219003
0.0 0.0 1.0245375316708607 1.031687221886139 0.9167001281515805
0.0 0.0 1.0164404282687296 1.0018794242753457 0.8831790450132938
0.0 0.0 1.009856717693421 1.0053236558592145 0.8804749990242619
0.0 0.0 1.0066661389133988 1.0084736247999002 0.8804432595413453
0.0 0.0 1.086330099031056 0.9812069246357096 0.9244294770515412
0.0 0.0 1.0432516377907264 0.9856723249427601 0.8918113722893058
0.0 0.0 1.0722569624566576 1.0060110410053058 0.9355198139278925
0.0 0.0 1.0291432440677055 1.041464240102167 0.9295474375449182
0.0 0.0 1.0947889882094644 1.0005777463150558 0.9500197372211984
0.0 0.0 1.0844805599598948 1.0332622343282143 0.9718152183335125
0.0 0.0 1.0599043995378237 1.0040028256168714 0.9228964979196588
0.0 0.0 1.0958945058747733 0.9854256965455113 0.9365781048814072
0.0 0.0 1.0404480804727028 1.045816484959062 0.943685462090307
0.0 0.0 1.004470463759056 1.0267147280390412 0.8944134695984881
0.0 0.0 1.045219399054807 1.0387645670497152 0.9416206122789287
0.0 0.0 1.0556478749033495 1.002844159359815 0.9181294018634969
0.0 0.0 1.0948648568547785 1.042543654028619 0.9899337547408924
0.0 0.0 1.017356915098935 1.0316997109860806 0.910286324660528
0.0 0.0 1.0194650694854315 0.9978584182800996 0.8822519836152762
0.0 0.0 1.0396529375206056 1.0064560899139725 0.9074748236488501
0.0 0.0 1.0797963380064364 0.9876963987658078 0.9249466603173769
0.0 0.0 1.006779192879404 0.9983481635351077 0.8717011578444523
0.0 0.0 1.0056502480815253 1.0434931488988932 0.9100975288848083
0.0 0.0 1.0956358446404053 1.0123356706083555 0.961927055607369
0.0 0.0 1.0918223013555695 0.9833799165840695 0.9311607543011639
0.0 0.0 1.0888383755169777 1.0199819037829965 0.9631795511710655
0.0 0.0 1.0861315996601726 0.9897033853351346 0.9322639120402015
0.0 0.0 1.0327687318796843 0.9989035050601524 0.8947011299721902
0.0 0.0 1.0975887716219228 0.9881133398787826 0.9405844315085158
0.0 0.0 1.021639526305457 1.0478278371440823 0.9284082415324567
0.0 0.0 1.0029983568152379 1.0124599599752195 0.8807029410677026
0.0 0.0 1.0705772313862902 1.0185116613872611 0.9456607777322525
0.0 0.0 1.032811416427407 1.0297593343693863 0.9223762996359088
0.0 0.0 1.0712704811053357 1.0326502574245155 0.9594089461118507
0.0 0.0 1.0659920657027457 1.032700678295314 0.95472831416682
0.0 0.0 1.0001577268432653 1.0335132568036416 0.8964703169855962
0.0 0.0 1.086171272468661 1.0298710516959182 0.9701357997675
0.0 0.0 1.0656395679422461 0.9898071451818703 0.9147707940285474
0.0 0.0 1.007766440874079 1.0470333212981815 0.9151067592553663
0.0 0.0 1.0434191429098876 0.996609829182529 0.9018521279796291
0.0 0.0 1.042526517389742 1.0229264874075277 0.9248747068957407
0.0 0.0 1.020221857970785 0.985000476748351 0.8715301838338316
0.0 0.0 1.0591125074195564 0.9935199961626204 0.9125781732684501
0.0 0.0 1.0614768231440483 1.0252601142594044 0.9438347136259062
0.0 0.0 1.096174898199889 0.9842263988681658 0.9356775949024551
0.0 0.0 1.0310345075255682 1.0338256340774126 0.9244253904067135
0.0 0.0 1.0928932061378542 0.9842622837694146 0.9329104070248148
0.0 0.0 1.014190915812921 1.0048930386015753 0.8838751458938715
0.0 0.0 1.0997404166112785 1.0228543138709048 0.9755630331772419
0.0 0.0 1.0043354923195993 0.9985887488773584 0.8697948805114738
0.0 0.0 1.0407005974063992 0.9967310722700196 0.8996118534980513
0.0 0.0 1.0715735299067268 1.028140352324288 0.9554891279022041
0.0 0.0 1.0468761917405707 1.0054908318533387 0.9129033613772042
0.0 0.0 1.0597341480910052 0.9945191788882464 0.9140321246092508
0.0 0.0 1.0642975212941432 1.0242623941999194 0.9454218748495561
0.0 0.0 1.0671119308800678 1.0375391330793897 0.9602091269664665
0.0 0.0 1.0387799318922548 1.037570187715699 0.9347433921910808
0.0 0.0 1.0976582998213311 1.0384844951135197 0.988595320598322
0.0 0.0 1.0594368546373651 0.9822071130245499 0.9024632375117412
0.0 0.0 1.0030449414543785 1.0069410953436615 0.8759429584529691
0.0 0.0 1.05107605813229 1.0249414941615154 0.9342962105031012
0.0 0.0 1.0035954514401804 0.9989649531881267 0.8694814169570004
0.0 0.0 1.0828961281157046 1.0298715482241236 0.9672110047875381
0.0 0.0 1.0150117945780917 0.9914385146301646 0.8727467554219872
0.0 0.0 1.0112521857286016 1.025869727756962 0.8997110529885947
0.0 0.0 1.0323018493770297 0.9904808178871407 0.8867560142016182
0.0 0.0 1.0573137846790486 0.9912199657640757 0.9089192546802782
0.0 0.0 1.06882256344849 1.0239380550627857 0.9491408503204816
0.0 0.0 1.0320210370271286 1.023393472967703 0.9159727654536072
0.0 0.0 1.0849823362164084 1.0026879121685925 0.9434954611244903
0.0 0.0 1.059677566752324 1.0075242978327696 0.9259352910193251
0.0 0.0 1.0771974546634722 1.0343892956436889 0.9663416630462927
0.0 0.0 1.0403019415068446 1.040360989336993 0.9386308758824522
0.0 0.0 1.0024287133719836 1.0242702006767128 0.8904702282273165
0.0 0.0 1.0405389188719043 1.0072488110213957 0.9089635331989416
0.0 0.0 1.005108189536542 0.990545498441029 0.8634528122094767
0.0 0.0 1.0852084481408735 0.997640498511401 0.938941651400415
0.0 0.0 1.0104613759091685 0.9850026263592467 0.8631941216507552
0.0 0.0 1.0014895197786082 1.0416518897858313 0.9047328992690393
0.0 0.0 1.0105139833556271 0.9823131777635796 0.8608820762741424
0.0 0.0 1.0631271532411937 1.0493910627092913 0.9675511640714194
0.0 0.0 1.0953919574820747 1.0188965640619858 0.9679457420424612
0.0 0.0 1.0006250974022632 1.0106584706147654 0.877055709087661
0.0 0.0 1.0166552455924283 0.9939595314292641 0.8763826609229497
0.0 0.0 1.0969270038002255 1.0194717370958302 0.9698493661404796
0.0 0.0 1.0096013711357736 1.0226934636510012 0.8954612149381506
0.0 0.0 1.0263996667200046 0.9897254540383472 0.8810135950439001
0.0 0.0 1.0224348909624825 1.045926804800673 0.9274453385264246
0.0 0.0 1.0119538369288301 1.043697278939551 0.9159813277405454
0.0 0.0 1.037930303732572 1.0143052735703708 0.9130367186640768
0.0 0.0 1.0544588429500426 1.0291191744337065 0.9411236156603118
0.0 0.0 1.03296740765493 1.012915040720836 0.9074255573445756
0.0 0.0 1.0042071570723092 1.0201220290654174 0.8884373466692572
0.0 0.0 1.019257582553414 1.0111421944718602 0.893814822978836
0.0 0.0 1.0554428765455781 1.0366171337026886 0.9488651233415709
0.0 0.0 1.0295271281477474 1.029991081414935 0.9196501098933186
0.0 0.0 1.0017662120671122 1.0188664970096601 0.885187004430019
0.0 0.0 1.0133935582645792 1.0263586476123023 0.9020459339075438
0.0 0.0 1.0481096024834002 0.9808743570596041 0.8916028517695153
0.0 0.0 1.0593189116199242 1.0195344350275402 0.9366557261285388
0.0 0.0 1.0938907566023492 1.0298864185839325 0.9770451913099051
0.0 0.0 1.0363082850397518 1.0422825441343122 0.9367545315899437
0.0 0.0 1.08451441836483 1.0477374067123648 0.9854603334218756
0.0 0.0 1.04533046603568 1.0265398579121379 0.9306380233930479
0.0 0.0 1.02595701201303 1.0108447053782612 0.8994250371571136
0.0 0.0 1.0590920703903381 0.9871048186221143 0.9066681428765957
0.0 0.0 1.019526019826094 0.9946648313611767 0.8794809662859575
0.0 0.0 1.081636719037725 1.044308230625761 0.9796286796455613
0.0 0.0 1.0092825139147896 1.0130634782657246 0.886749140285395
0.0 0.0 1.026114162020113 1.0408350887485867 0.9262516069709977
0.0 0.0 1.0712177295511818 1.0483749882566702 0.9739704287360686
0.0 0.0 1.0253984639065377 1.0000487399469213 0.889334617322734
0.0 0.0 1.041238229838941 0.988237554045681 0.8924067092963631
0.0 0.0 1.0881674780259358 1.0065601779693283 0.949919613167423
0.0 0.0 1.0053121567240535 1.0307369176262138 0.8986697716621612
0.0 0.0 1.0825810343373843 1.047287608219416 0.9832812264972705
0.0 0.0 1.090479528262477 0.998465073098135 0.9442821116867335
0.0 0.0 1.0892641077813978 1.0108672769289897 0.9549457487072983
0.0 0.0 1.0280650369139943 1.0244848380134592 0.913434673320034
0.0 0.0 1.028434418482037 1.0091090761108166 0.9000488535756022
0.0 0.0 1.0876211579279715 0.9943765182611667 0.9379504058428866
0.0 0.0 1.0089539359511706 1.0293458234110355 0.9007079865271753
0.0 0.0 1.0086168691849002 1.0007665752177144 0.8754077505720059
0.0 0.0 1.0662970396039446 1.042720917987378 0.9642677844569341
0.0 0.0 1.0911442515265128 1.0158038437387575 0.9612655735478141
0.0 0.0 1.0284237097885776 1.025781018883101 0.9149094368902387
0.0 0.0 1.086887426469162 1.0483916774842825 0.9882333306136178
0.0 0.0 1.0999912331204211 1.012358309360693 0.9657725198330943
0.0 0.0 1.0168411712411545 0.9885472791534622 0.8717700315058015
0.0 0.0 1.0932828736477205 0.9894589247074822 0.9381703061645073
0.0 0.0 1.065575352400323 1.0059679355401012 0.9296504258306277
0.0 0.0 1.0691783398938515 0.9874501118543899 0.9156229788166816
0.0 0.0 1.0595760398645946 1.045449227978176 0.9606970195639751
0.0 0.0 1.0429666579938506 1.0076877834940585 0.9114813491731998
0.0 0.0 1.0180785674320991 1.0245942726048696 0.9046583304922967
0.0 0.0 1.0591312996137163 0.9904716167394915 0.9097942870498641
0.0 0.0 1.0778152240598928 0.9818907488688474 0.9178228168995476
0.0 0.0 1.071868551229649 1.0279347513447683 0.9555610640792221
0.0 0.0 1.0502694732163766 0.9859441578084338 0.8980580881853265
0.0 0.0 1.0322228164858613 1.0022986794931203 0.8972675896782644
0.0 0.0 1.0167536608097343 1.0136926163296576 0.8938680121418224
0.0 0.0 1.0823205027248972 0.996489956438859 0.9353629844684511
0.0 0.0 1.0459780188892367 1.0302649749983703 0.9345937271691347
0.0 0.0 1.0866479129425997 1.049458540679192 0.9890209804533983
0.0 0.0 1.0058165761783715 0.9910150920660387 0.8644709926195281
0.0 0.0 1.0136562140407706 1.0466028853785163 0.920076594237563
0.0 0.0 1.0023226381134116 0.9814609278545073 0.8531628224060204
0.0 0.0 1.0552142835822933 1.037586383395685 0.9495466218439258
0.0 0.0 1.078922274328923 0.9897579690394969 0.9261269760023698
0.0 0.0 1.0315434157333347 1.0090982957387196 0.902760091927599
0.0 0.0 1.0743048770893406 1.024380276767186 0.9544213009560812
0.0 0.0 1.0875674117853165 1.0146058539052896 0.9569845305141176
0.0 0.0 1.0444286876155437 0.9851049935006313 0.8923036731964845
0.0 0.0 1.041820120240624 1.0053187606048697 0.908338862988616
0.0 0.0 1.0485639350473965 1.0334846211327684 0.9398321616047376
0.0 0.0 1.046847987031251 0.9841233048297865 0.8934793235074757
0.0 0.0 1.0178144027170453 0.9910993713976535 0.8748571808397956
0.0 0.0 1.0920792768936571 1.0409103316775399 0.985868188724978
0.0 0.0 1.010867178663258 1.0440323475926134 0.9152914778032941
0.0 0.0 1.0561270688072084 1.023881751698511 0.937815366768496
0.0 0.0 1.0216898447975855 1.0401236890375163 0.9216275157075315
0.0 0.0 1.0902493394012511 1.0292182850177278 0.9731609944172159
0.0 0.0 1.0704893154790072 0.9864328494769672 0.9158012488391006
0.0 0.0 1.063898519697719 0.9860304026213862 0.9097915075187698
0.0 0.0 1.082827501549304 1.0133025540391338 0.9515898099330488
0.0 0.0 1.0532414639879004 1.0016540644475813 0.9149493938093324
0.0 0.0 1.0048594166215803 0.9953877883422656 0.8674590517333307
0.0 0.0 1.0072841194908164 1.0048884185286462 0.8778517840239872
0.0 0.0 1.0666509437978844 0.9884451537216603 0.9143790487299289
0.0 0.0 1.0271021562587552 1.0227466361968813 0.9110308189103896
0.0 0.0 1.018369585186672 1.0189056790598063 0.8998927875396912
0.0 0.0 1.0197057041383146 1.0354828320645744 0.9157335368399285
0.0 0.0 1.0078682705774307 0.9826333877551314 0.8589080192440725
0.0 0.0 1.0688100143974364 0.9838397642225575 0.9119609745885513
0.0 0.0 1.0138036216417101 1.0349694477020288 0.9099818621386377
0.0 0.0 1.0201617388666624 1.015375482237298 0.8983531022214295
0.0 0.0 1.0971694295403154 1.0170319673832333 0.9677421792865656
0.0 0.0 1.018912530956807 1.007466024473708 0.8902637304254143
0.0 0.0 1.0207915171279829 1.0358035790159446 0.9169925931104246
0.0 0.0 1.0590578884295696 0.9929966136267538 0.912050393230432
0.0 0.0 1.0477181155734 1.0479314906921542 0.9522011736865561
0.0 0.0 1.0520832516400418 1.0313561975154486 0.9410444933788921
0.0 0.0 1.0804425543733012 1.0145478560951549 0.9506608003348156
0.0 0.0 1.0354812689569066 0.98422125944972 0.8838658553757948
0.0 0.0 1.086607179240214 1.0408660653634052 0.9808865690438807
0.0 0.0 1.0471061992413635 1.0040518964717058 0.9117972113570577
0.0 0.0 1.0685879226886885 1.0446633906582612 0.968139645602255
0.0 0.0 1.0485883843226527 1.0081715798489763 0.9168343184217682
0.0 0.0 1.075158585362561 1.0021227705618203 0.9344258099897881
0.0 0.0 1.0114355101840928 1.0258820715878314 0.8998849845362324
0.0 0.0 1.0372436177535835 0.9846469735419505 0.8857531177781818
0.0 0.0 1.0775219259594273 1.0233611999224002 0.9563270303511364
0.0 0.0 1.0195658346428846 0.9831554031416044 0.8693382975839085
0.0 0.0 1.002268576738071 1.0478548593204147 0.9108285062605589
0.0 0.0 1.0319943661021336 1.0213032057984455 0.9140782801154935
0.0 0.0 1.0822967068495104 1.0385282888411447 0.9748011570301828
0.0 0.0 1.073133738173518 0.9883098803603287 0.9198104811769429
0.0 0.0 1.0076466079439526 1.0274813967202001 0.8979116011116307
0.0 0.0 1.0387156263611246 1.0331418471202636 0.9306962972752089
0.0 0.0 1.0136748940712914 1.0255470680677128 0.9015828787354826
0.0 0.0 1.0027208293684242 0.9829592544957391 0.8548047376282571
0.0 0.0 1.0581497408963862 1.0477417073658168 0.9615076195001474
0.0 0.0 1.08611850452301 1.0459090494232284 0.9851956863835624
0.0 0.0 1.0892991353115002 1.0308299365960487 0.9738353817954053
0.0 0.0 1.0253226558701076 1.0095803809850779 0.8977446470622443
0.0 0.0 1.0994070350573149 1.0452407205379008 0.9966122025396049
0.0 0.0 1.0828752920478133 0.9816168622725139 0.9218745437347741
0.0 0.0 1.0775258391865912 0.9977691142844524 0.9324147128586975
0.0 0.0 1.0614889859691623 0.9955807803061133 0.9165229922088465
0.0 0.0 1.0432578913967128 1.0295725944034322 0.9315368088993676
0.0 0.0 1.062654550969993 1.017821851405214 0.9380267964288204
0.0 0.0 1.0363418433145464 1.0443707655784167 0.9386617220624328
0.0 0.0 1.063421716749969 1.0278010246793339 0.9479074562159239
0.0 0.0 1.0231260534061624 1.0199671637667849 0.90503776687444
0.0 0.0 1.0417847546013936 1.0294125423258762 0.930076820884802
0.0 0.0 1.0664878648016691 1.0272969372997574 0.9501742998707995
0.0 0.0 1.0497234823429118 0.9894511817679204 0.9007839763359802
0.0 0.0 1.014005068180057 1.0068257757056978 0.8854128469637692
0.0 0.0 1.0284198638972786 1.0149989581014074 0.9052893701435131
0.0 0.0 1.0518556695743795 0.9859196059581552 0.89939200630475
0.0 0.0 1.034636824193183 1.0203587578152555 0.9155713535364365
0.0 0.0 1.017117538377436 0.9841679020471864 0.8681438795207085
0.0 0.0 1.0760806848071518 1.0073733545408496 0.9401272985714519
0.0 0.0 1.0843238501290429 1.0409945631654296 0.9789462333925106
0.0 0.0 1.0698463018789304 0.9972409640064521 0.9252793454052802
0.0 0.0 1.0116876968020645 1.010631495031068 0.8867284954315503
0.0 0.0 1.0990584752736225 1.0120633650962216 0.9646724420272955
0.0 0.0 1.0928280041090412 1.0370551690756553 0.9828902884872003
0.0 0.0 1.0952518681093744 1.0260571140719474 0.9746235621498951
0.0 0.0 1.0388424770466607 1.0028197791961098 0.9034912655104614
0.0 0.0 1.0872619601301932 1.0225421743312328 0.9641992539383986
0.0 0.0 1.039157006372349 0.9906113200236766 0.8927622636046771
0.0 0.0 1.0214575832517037 0.9975329564836027 0.8836880005616452
0.0 0.0 1.0324829905069102 1.0309229428530142 0.9231249274769713
0.0 0.0 1.0563896323883688 1.015037649483634 0.9299458263736009
0.0 0.0 1.0632921678387248 1.0377933790089724 0.9570064802929282
0.0 0.0 1.0429928993784425 1.0342500796139913 0.9355312151489021
0.0 0.0 1.0787047303632527 0.9922018184831468 0.9282265149122181
0.0 0.0 1.039128307198664 1.0453796395145352 0.9420947443967459
0.0 0.0 1.0886960273738453 1.0221942227649716 0.9651424736755505
0.0 0.0 1.0440056678028706 1.0098138504230756 0.914314374381312
0.0 0.0 1.0780470803839182 0.9922259902969799 0.9276832059120426
0.0 0.0 1.0682495539763128 1.0106339971495046 0.9363063996223071
0.0 0.0 1.02617556800789 1.0381054701021457 0.9238777711802445
0.0 0.0 1.0651588463387867 1.021925613433937 0.9440283376804947
0.0 0.0 1.0032506444565212 1.0360310794119505 0.9014333038720103
0.0 0.0 1.0182961712823688 0.9827420950975467 0.867890706844859
0.0 0.0 1.0988451607864866 1.0467017887543582 0.9974952455286229
0.0 0.0 1.030360450290827 0.990712794228203 0.8852956287885124
0.0 0.0 1.0670546397581793 0.9884772516869469 0.9147548183042289
0.0 0.0 1.0063880147239643 1.0453824811029213 0.9124142130682984
0.0 0.0 1.0274905989220056 0.9987356528101572 0.8899790399028106
0.0 0.0 1.0423953815622848 1.0206624950000087 0.9227116482977786
0.0 0.0 1.0504273340254962 1.0337412618317605 0.9417361329034589
0.0 0.0 1.060822051449647 1.0034393851846912 0.9231771576575629
0.0 0.0 1.0921467219455052 1.0495136857306118 0.9940779961556551
0.0 0.0 1.0469352246201364 1.014851491556569 0.9214540315328262
0.0 0.0 1.0956137416754113 0.9915215120979587 0.9421303183841411
0.0 0.0 1.0442730241606992 1.047872397002474 0.9490166408671326
0.0 0.0 1.0035149844908218 1.0477156342676173 0.9118400310625134
0.0 0.0 1.089143143189245 1.0373595852522095 0.97986366577288
0.0 0.0 1.081189835592872 1.0003163680643377 0.9379737780212193
0.0 0.0 1.0096749972555636 0.9954650827481984 0.871683852799469
0.0 0.0 1.0873038392968595 1.010084889364704 0.9524894275936582
0.0 0.0 1.0302786011051182 1.0227388182501773 0.9138413127732936
0.0 0.0 1.036797517243451 1.0282572191954291 0.924585512033772
0.0 0.0 1.067193360624912 1.0411604118006503 0.9636340319428556
0.0 0.0 1.043503707637441 1.0394057081130585 0.9406552030468672
0.0 0.0 1.0687221756040601 0.9804643243646685 0.9087574512866703
0.0 0.0 1.0055301700844463 1.0379412357925428 0.9051472576619849
0.0 0.0 1.008302627192194 1.0448711441964973 0.9137028981240467
0.0 0.0 1.0121395132007143 1.0476698499936783 0.9196364868228057
0.0 0.0 1.0128252454664501 1.005690794567299 0.8833856921813082
0.0 0.0 1.0981558861590233 0.9832576299176161 0.9364458879657475
0.0 0.0 1.0886447726799406 1.0382979613235415 0.9803012601604871
0.0 0.0 1.0430785791831658 1.0367644426230025 0.93788262182636
0.0 0.0 1.0291728751312 0.9854533990425578 0.8795809023609721
0.0 0.0 1.0943532849790312 0.9987943650396047 0.9479490538946415
0.0 0.0 1.068158578119545 0.9956586453752096 0.9223538602415439
0.0 0.0 1.070015210367279 1.0437297494106184 0.9685663610894962
0.0 0.0 1.0240261925129677 1.0164553036917012 0.9027151257602473
0.0 0.0 1.0457624552869678 0.9914426135231074 0.8991910911534373
0.0 0.0 1.0095678774413674 1.0221637938312196 0.8949677491095308
0.0 0.0 1.0139468935316291 1.0384580452093692 0.9131781940066802
0.0 0.0 1.0038796057149284 1.0430936048377337 0.9081472710757956
0.0 0.0 1.0447514496479329 1.0417668896799694 0.9439193752602157
0.0 0.0 1.0076166402362 0.9870179434893976 0.8625251097606367
0.0 0.0 1.0011818110069244 1.0452089062788423 0.9075434375117873
0.0 0.0 1.0680796083185995 1.0272149327373985 0.9515164828520043
0.0 0.0 1.031166639169655 1.0042316366326642 0.8980781310507245
0.0 0.0 1.0280924119405692 1.043891709068163 0.9307626985956474
0.0 0.0 1.0070744862208685 1.0041170587066004 0.8769953825467565
0.0 0.0 1.0019612274952703 1.0472192227508406 0.9099968515108808
0.0 0.0 1.0226506571852458 1.0260185827023376 0.9099842935273961
0.0 0.0 1.0171547028142016 1.003016737210028 0.8848029451477464
0.0 0.0 1.0647242854966852 1.0409085510242586 0.9611719857630836
0.0 0.0 1.0294214930257137 1.033689556583202 0.9228576745329315
0.0 0.0 1.0304956103938996 1.0049120640743108 0.8981018153100173
0.0 0.0 1.0979755923696934 0.9833481951069402 0.9363783828372252
0.0 0.0 1.0437747558702581 1.044649220668486 0.9456461128953665
0.0 0.0 1.0164515000998104 1.0190584921661012 0.89833256149616
0.0 0.0 1.0923832821945862 1.022894840203836 0.9690750249248747
0.0 0.0 1.0002266082780518 0.9956135380207038 0.8636555436034357
0.0 0.0 1.0097774693243533 1.0143770866954336 0.8883343892985844
0.0 0.0 1.0940199331639047 0.9869603747397826 0.9364321585709824
0.0 0.0 1.0156499454827324 0.9945953242031271 0.8760760963077437
0.0 0.0 1.0081890077620665 0.981219681592167 0.85794525553891
0.0 0.0 1.0182138390496247 1.0108433570495667 0.8926356443168936
0.0 0.0 1.060480254531151 1.0476119520523097 0.9635059463528175
0.0 0.0 1.0284960563607466 1.0167799627794534 0.9069450567111507
0.0 0.0 1.032882665154406 1.0368525732707494 0.9287939260725265
0.0 0.0 1.0960765628619535 0.9965161249278633 0.9472761216943947
0.0 0.0 1.0827234836336523 0.9945626793499274 0.9339015215422075
0.0 0.0 1.0338154546432754 1.005740816126502 0.9017381914154645
0.0 0.0 1.016903999036886 1.0437804744278179 0.9205353944337764
0.0 0.0 1.0219931195663798 0.9809810908224756 0.8694807596380583
0.0 0.0 1.075138919660858 0.9974301486804981 0.9300331798943379
0.0 0.0 1.0599289180866014 1.0347687850338547 0.9511990952174523
0.0 0.0 1.0490009836758252 1.0251359221438443 0.9326285702519165
0.0 0.0 1.0736775131710927 1.005234965924248 0.9360365605262289
0.0 0.0 1.0268072463524258 1.0073461598422784 0.8970549110282512
0.0 0.0 1.0898416913719173 1.0219862822918129 0.9659615776636891
0.0 0.0 1.0575518380385773 0.9819086951458731 0.9005838162954026
0.0 0.0 1.0605612076160658 0.9967043191214301 0.9167553351971485
0.0 0.0 1.0666255845229293 1.046319035112811 0.9678933164872003
0.0 0.0 1.0274769293078692 1.0259719537312901 0.9142373000210776
0.0 0.0 1.0129127085540988 1.0034076373558203 0.8814563087081855
0.0 0.0 1.0528350631298158 1.0060016006865087 0.9185660286445696
0.0 0.0 1.0867579575098008 0.9883337483763789 0.9315106451428221
0.0 0.0 1.0749544167356762 1.0165870772156147 0.9477329960756591
0.0 0.0 1.0650988697789388 1.0290565989412348 0.9505622299572717
0.0 0.0 1.0214299652776444 1.028542774910398 0.9111341408688297
0.0 0.0 1.0384802362130916 1.0211068445159253 0.9196462219698711
0.0 0.0 1.0779330971944159 0.9859348703644994 0.921703850577027
0.0 0.0 1.032716046311149 1.046123027983445 0.9369470655858734
0.0 0.0 1.0236898229804294 1.028921578483216 0.9134862805016007
0.0 0.0 1.0639856168217865 1.042677873931202 0.9621378123302533
0.0 0.0 1.0854372458584218 0.9811427866089714 0.923609312750062
0.0 0.0 1.022879941226276 0.9884982507896543 0.8769037662136129
0.0 0.0 1.0983862313552146 1.0043523090147595 0.9567369137246933
0.0 0.0 1.0053868483077135 0.9885982047870956 0.8619942828017632
0.0 0.0 1.0237168011619977 1.0096507094787954 0.8964010442757557
0.0 0.0 1.0306169851872595 1.00537548347202 0.8986218085606771
0.0 0.0 1.0199263675659689 1.0326734839745988 0.9134467045121435
0.0 0.0 1.0855356191618808 1.018860569311109 0.9592022778250578
0.0 0.0 1.0182022008379328 0.9993238797044646 0.8824531645473661
0.0 0.0 1.0158525815801176 1.0363002761634603 0.9129934683409083
0.0 0.0 1.0539481814621527 1.0136636358042088 0.9265406840277643
0.0 0.0 1.01615664138934 1.0223722096312526 0.9009922677222858
0.0 0.0 1.0469082147504414 0.9832576981065448 0.8927448034709324
0.0 0.0 1.001658544241324 1.0418956488146829 0.9050973478958168
0.0 0.0 1.092418722361605 1.0328006929612796 0.978491423417124
0.0 0.0 1.0684916461391645 1.0240862665630914 0.9489843298991826
0.0 0.0 1.039823810081266 0.9923378381403947 0.8948921063413284
0.0 0.0 1.0339840592574847 1.0364499268735152 0.9294232591733793
0.0 0.0 1.0365577093580642 1.0241320448029532 0.9206632533400847
0.0 0.0 1.0023951227324503 1.0117511919900741 0.8795570979294499
0.0 0.0 1.0664575649469223 1.0090345830093688 0.9332564465740393
0.0 0.0 1.0951259162533455 1.0171436564777634 0.9660458066214078
0.0 0.0 1.0602562110432305 1.008255289692799 0.9271130676160033
0.0 0.0 1.0629010117294384 1.0152820641161182 0.9359031360848098
0.0 0.0 1.0180262160473457 0.9988987651633487 0.8819253098471198
0.0 0.0 1.052388404062115 1.0041090304675682 0.9164489860835555
0.0 0.0 1.0922805733967798 1.0437364080077134 0.9887270379953542
0.0 0.0 1.0230043240649158 1.0219957041807453 0.9067298387487054
0.0 0.0 1.0614544612096153 1.049006603610313 0.9656749302182206
0.0 0.0 1.0830974293922024 0.9999964205351084 0.9393281522340756
0.0 0.0 1.018942021336684 1.0096085916531814 0.8921828664407832
0.0 0.0 1.057681863853028 1.0000556152033835 0.9173405222725635
0.0 0.0 1.0515043251690293 0.9815183967434765 0.8950779850309512
0.0 0.0 1.0044520666333034 1.0417154351457991 0.9074645823972284
0.0 0.0 1.025839833995639 1.0202947803697433 0.9077297973478331
0.0 0.0 1.002853700124607 1.0047081304554588 0.873833853817051
0.0 0.0 1.0251696396606118 0.993615127836405 0.8834160782484596
0.0 0.0 1.0982070635502434 1.0499398010113015 1.0
0.0 0.0 1.0295593260838616 0.999143075251596 0.8921346917235721
0.0 0.0 1.01493924154309 1.0484349871162526 0.9228538273216783
0.0 0.0 1.077982803819422 1.0499705490581135 0.9816130390161178
0.0 0.0 1.049208556453365 1.0489800450507702 0.9545098585861509
0.0 0.0 1.0360981925449722 1.0328399447894252 0.9280797780867425
0.0 0.0 1.0510545907391968 1.0316161047991292 0.9403613155813343
0.0 0.0 1.0804380570751269 1.046413740791881 0.9805159782025579
0.0 0.0 1.0827984899239524 0.9961701098547905 0.9354757114948007
0.0 0.0 1.0708203020014464 0.9897978769720042 0.91920945428258
0.0 0.0 1.036120393177016 1.0065575325337885 0.9044825508999331
0.0 0.0 1.0642303629046734 1.0028799639680654 0.9256269019945415
0.0 0.0 1.0911976042102252 1.02635570548414 0.971298398678653
0.0 0.0 1.0320700610481337 1.0480896013487588 0.9381212210003272
0.0 0.0 1.098235821134023 0.9978998278022448 0.9504601671311165
0.0 0.0 1.0178275594735522 0.986246141301838 0.8705844206718684
0.0 0.0 1.0308479253798295 1.0256799112568245 0.9169756829804784
0.0 0.0 1.0146676449993746 1.016106512108871 0.8941583054872996
0.0 0.0 1.0703310506493326 1.0407026844937477 0.9660423539964509
0.0 0.0 1.010397260098664 0.9896771029439518 0.8672355065123929
0.0 0.0 1.0935987570037988 1.0092751624515202 0.9572358641853358
0.0 0.0 1.0922598644795185 0.9854366000889269 0.9334821806082327
0.0 0.0 1.02933471919199 1.0234966894046054 0.9136806594011964
0.0 0.0 1.0933382395692945 0.9848815288600498 0.9338774706353039
0.0 0.0 1.0206305964450828 0.9969552575815505 0.8824612001911272
0.0 0.0 1.0361240018409095 1.0082325179986509 0.9059908315479801
0.0 0.0 1.0839193259213 0.9948428396492293 0.9351963566158741
0.0 0.0 1.0041591644968997 0.9954097464634571 0.8668736719140124
0.0 0.0 1.0919179945908422 0.9835800337149284 0.9314318734615737
0.0 0.0 1.0597506808534913 1.017631633759368 0.9352886652441055
0.0 0.0 1.0141537587037424 0.9993955488411471 0.8790075057496559
0.0 0.0 1.0837938241106941 0.9861109385637419 0.9268806511491414
0.0 0.0 1.0327798646690909 1.0361269401097128 0.9280515408366733
0.0 0.0 1.0222367030110446 1.0281412545512933 0.9114977980771031
0.0 0.0 1.086678097166445 0.9914388462872852 0.9343685519856005
0.0 0.0 1.042261398144315 1.0344576054144194 0.9350626678466062
0.0 0.0 1.0357049231816504 0.9819421815707642 0.882009626666739
0.0 0.0 1.0804702442463368 1.0400096266139198 0.9745441938792274
0.0 0.0 1.0340538258695764 1.0486732558975957 0.9404478247573801
0.0 0.0 1.0233127090048022 1.0468167994044684 0.929031457201329
0.0 0.0 1.0114632495894964 1.0083766294013934 0.8845537898251157
0.0 0.0 1.0129147204261963 1.0451449567151951 0.9181228158153601
0.0 0.0 1.0314911481225313 0.9820520696637726 0.8785194655101379
0.0 0.0 1.0888165877135465 1.0320596536265456 0.9745651947594791
0.0 0.0 1.068091116600454 1.0008031031440279 0.9270610063769438
0.0 0.0 1.0314729480269205 1.0031222169024847 0.8973524639529542
0.0 0.0 1.0240134856930116 1.009969581315756 0.8969440182139927
0.0 0.0 1.0107744328285058 0.9864917700038043 0.8647669486371995
0.0 0.0 1.0439558975724819 0.9892254188683864 0.8956303200782602
0.0 0.0 1.0628530631399127 0.9855307549291692 0.9084369242292315
0.0 0.0 1.037088934430175 0.9827929453893928 0.8839534575748573
0.0 0.0 1.010070691164125 1.0087062819676642 0.8836247323144918
0.0 0.0 1.032377913757801 1.0137142038841962 0.9076232338602567
0.0 0.0 1.0830065849024708 1.0304991236682086 0.9678991134922361
0.0 0.0 1.0198390945219693 1.0275114789108826 0.9088029049676714
0.0 0.0 1.0587413974317963 0.9802436981241507 0.9000680000789635
0.0 0.0 1.071602318430962 1.0278196568708031 0.9552167555052065
0.0 0.0 1.0639443038574181 1.0307871278270688 0.9511286164372318
0.0 0.0 1.0478581264885585 0.9955659710654053 0.9047402210232611
0.0 0.0 1.0096713810472302 1.0301891295590577 0.9020869027890226
0.0 0.0 1.00076953909544 1.027518247915662 0.8918154450111007
0.0 0.0 1.0600171356363197 1.0290875650187528 0.9460554335513215
0.0 0.0 1.0944451174480718 0.9802993476381665 0.930473630521347
0.0 0.0 1.0330143441998316 1.041734679771207 0.9332861960834486
0.0 0.0 1.059756805816409 0.9955177156107686 0.9149694112890401
0.0 0.0 1.0883030819890835 1.01949429127267 0.9622458026864334
0.0 0.0 1.00638711074761 1.0079367654123987 0.8797306451853962
0.0 0.0 1.0254478427512659 1.0350530349288736 0.92050795700654
0.0 0.0 1.0758417150856077 1.0416162257910007 0.9718684513041588
0.0 0.0 1.0140199775457077 1.0447211801115632 0.9187519603803934
0.0 0.0 1.0009715447690275 1.0414444460085586 0.9040848839014316
0.0 0.0 1.0398127438403095 0.9862913620277792 0.8894299171609192
0.0 0.0 1.066947157299408 1.0273968257299544 0.9506759301538595
0.0 0.0 1.0611772746613584 1.0307133131489132 0.9485870569056287
0.0 0.0 1.0688186690699581 1.0415610016680992 0.9654729481543897
0.0 0.0 1.0834618535450895 0.9802994679115686 0.9211360094862027
0.0 0.0 1.0882759176337642 1.0178488098531004 0.960668742153306
0.0 0.0 1.0048814321645543 1.0305503748478206 0.8981221662989355
0.0 0.0 1.0206656188832255 1.0398071254374748 0.9204233826284113
0.0 0.0 1.0062469330824042 1.025044601930111 0.8945378074683655
0.0 0.0 1.0332051834645868 1.0101846089533069 0.9051877995375573
0.0 0.0 1.0130379358175345 1.0299718601407981 0.9049038511322404
0.0 0.0 1.077983840346282 0.9990204161817337 0.9339808726878988
0.0 0.0 1.0420820123946541 1.0272481817157124 0.9283861412509123
0.0 0.0 1.0732784905436417 1.0027467318275212 0.9333726030619047
0.0 0.0 1.0541812296188995 1.021666736815101 0.9340624233145486
0.0 0.0 1.0564197787935132 1.0336163719486782 0.9469940960512674
0.0 0.0 1.0960375414237484 1.013328677936716 0.9632236373690423
0.0 0.0 1.0569795019609471 1.0333840289978853 0.9472828579576444
0.0 0.0 1.0326963802682791 1.0291993280961371 0.9217720108185119
0.0 0.0 1.0402035006950587 1.012441026699999 0.9133545879074998
0.0 0.0 1.0672122804604025 1.0410296210899572 0.9635300618347509
0.0 0.0 1.0973438923204168 1.008322967380064 0.959607819878399
0.0 0.0 1.0662435402362784 1.0445924000242133 0.9659499912355637
0.0 0.0 1.0634478676023444 1.0062419732324528 0.9280470655280244
0.0 0.0 1.0133780256629878 1.042705235541955 0.916398574505282
0.0 0.0 1.0904451814013074 1.0174546127755553 0.9622108524058308
0.0 0.0 1.0275130511109472 1.0454342868927218 0.931612815910965
0.0 0.0 1.0798310146884769 1.0404057174514263 0.9743385710057004
0.0 0.0 1.0133460337751827 1.035112926151324 0.9096972294060558
0.0 0.0 1.0197215318892185 1.0470178657167855 0.925948963934614
0.0 0.0 1.0371589054959158 1.022323370178686 0.9195703455419597
0.0 0.0 1.0273526044979415 0.9942726819497013 0.8858830689214302
0.0 0.0 1.0676334756218921 1.0255191114226214 0.949548842937796
0.0 0.0 1.021228270977199 0.9814541638906348 0.8692490384557059
0.0 0.0 1.0397499655765439 1.0402949712864826 0.9380733148377142
0.0 0.0 1.0552227969752257 1.0401085655687796 0.951862475001879
0.0 0.0 1.0751871926233363 1.0492149059305502 0.978362735047255
0.0 0.0 1.0555542227869414 1.034390842490634 0.9469271803746977
0.0 0.0 1.0965970855181877 1.0361277614452287 0.9853982019156231
0.0 0.0 1.0324640897541626 0.98424612315521 0.8813127157044601
0.0 0.0 1.0856741224236603 1.0261800199535815 0.9662164094812505
0.0 0.0 1.0543682882579968 1.0299223108992002 0.941777194600527
0.0 0.0 1.0450349529061014 0.9881223226476489 0.8955563033000994
0.0 0.0 1.0151096075684383 1.032490816782068 0.9089719968175146
0.0 0.0 1.0515726396973217 1.0331323614382741 0.9422076181995277
0.0 0.0 1.045463319669751 0.9956990143404545 0.902793129596499
0.0 0.0 1.0488235052556014 0.9819240920512875 0.8931649987852067
0.0 0.0 1.0273401763542545 1.0313915251527714 0.9189443228029227
0.0 0.0 1.0219061258362823 1.0292041050129817 0.9121449968294263
0.0 0.0 1.0309939734804658 1.0488422124151944 0.9378160318780551
0.0 0.0 1.007364152229949 1.0452430210101855 0.9131773620673146
0.0 0.0 1.0600982742896694 0.9882337139896483 0.9085674241466987
0.0 0.0 1.043980530331717 1.0195529551144122 0.9231102115338329
0.0 0.0 1.0680037334318186 0.987857082486094 0.9149940223039653
0.0 0.0 1.0996613044669032 0.9902101386806679 0.9443602095986577
0.0 0.0 1.0071058131592856 0.9804780725432893 0.856375741122337
0.0 0.0 1.014079879494382 1.0385334995209887 0.9133643236620395
0.0 0.0 1.062675430377389 0.9870494033863251 0.9096847159320346
0.0 0.0 1.075336021734142 1.0390774228532829 0.9690439415578296
0.0 0.0 1.0589552144281418 1.0035435859967485 0.9216482458120997
0.0 0.0 1.0686228303762308 0.9862671973366918 0.9140509521547016
0.0 0.0 1.0213753823221736 0.9906485315573447 0.8775186477828326
0.0 0.0 1.0232755900464565 1.0223868266852956 0.9073173744256152
0.0 0.0 1.097341100822001 1.0244303460682613 0.974934522029998
0.0 0.0 1.0662571809206982 1.0480699454405522 0.9691781274934983
0.0 0.0 1.0022662599128254 1.0356440740146462 0.9002124254718596
0.0 0.0 1.087280828875521 0.9946256264052736 0.9378918093966604
0.0 0.0 1.0471905783777333 1.0040785092145041 0.911894856314272
0.0 0.0 1.0759682867308602 1.0109255093621492 0.9433437895389825
0.0 0.0 1.089705983153144 1.0263728643362922 0.9699868909678255
0.0 0.0 1.0091761980753169 1.0332629563628104 0.90433476523848
0.0 0.0 1.0311243914339785 0.9835953513544738 0.8795871900969929
0.0 0.0 1.0949541780690994 0.9925821249438734 0.9425703256588851
0.0 0.0 1.0400617045251175 0.9915885346271528 0.8944209649199955
0.0 0.0 1.0798246044248094 1.0480722856349576 0.9815124752714445
0.0 0.0 1.042528280895673 1.01469037207316 0.9174296095432745
0.0 0.0 1.011345540968208 0.9848337184736925 0.8638012764797676
0.0 0.0 1.0541538931296826 0.9892111517063245 0.9043663378008229
0.0 0.0 1.0973567664382518 1.0327973238625299 0.9829112772565912
0.0 0.0 1.0728391258678196 1.0104423542454903 0.9401507865616417
0.0 0.0 1.0185504811139634 0.98614066055949 0.8711095848292831
0.0 0.0 1.065677893742115 0.9886205262931894 0.9137069919572367
0.0 0.0 1.0590748287031528 0.9929181776168015 0.9119929387449545
0.0 0.0 1.04440808685449 1.0476400650115354 0.9489289423050854
0.0 0.0 1.0550155841355475 1.0226947785018576 0.935742341846657
0.0 0.0 1.0122769019683684 1.0274492152505275 0.902009393108703
0.0 0.0 1.0846286927437871 0.9893930017754692 0.9306819503630183
0.0 0.0 1.0838922342680368 1.0057206652405037 0.9453983647034099
0.0 0.0 1.0458439456177482 1.0201233970768682 0.925275287642537
0.0 0.0 1.0480386569871205 1.015926379820083 0.9234022054122737
0.0 0.0 1.0168436815159312 1.0034862677826126 0.8849464596881562
0.0 0.0 1.0072173238671318 1.0382962711270938 0.9069761131614401
0.0 0.0 1.081169652995806 1.021221719174167 0.9575583724880132
0.0 0.0 1.0743453120669828 0.9929834131774 0.9252034749590712
0.0 0.0 1.064475674154784 1.0337167745883262 0.954308238502185
0.0 0.0 1.0525022645954083 1.037658888083764 0.947172362684599
0.0 0.0 1.0133653604033301 1.0044397371807345 0.8827572816363786
0.0 0.0 1.0352881527801758 1.0056400977607527 0.9029323100885822
0.0 0.0 1.0828851852180412 0.9846850766425309 0.9247644716784811
0.0 0.0 1.0295704535946923 0.9916986798000432 0.8854971625970861
0.0 0.0 1.0844573649617546 1.0163701112293775 0.9559072064973189
0.0 0.0 1.0409546522971262 1.0429448688992207 0.9415524772699514
0.0 0.0 1.036456919554114 1.0262601613848545 0.9224866579695126
0.0 0.0 1.0009693195192895 1.047907484841911 0.9096934687724496
0.0 0.0 1.0186364911268977 0.9979042284132741 0.8815753961875992
0.0 0.0 1.0054243368316036 0.9953216204419406 0.8678890307452435
0.0 0.0 1.090952790632258 1.0254347340954217 0.970209113134417
0.0 0.0 1.051753487493114 1.0139796299777655 0.9248995311279817
0.0 0.0 1.007349927980203 1.0085689003163059 0.8811245466787475
0.0 0.0 1.0799082097318096 1.0392636176611778 0.9733385732002194
0.0 0.0 1.0665212704255773 1.0383443809244228 0.9604224571258136
0.0 0.0 1.0591631442989347 1.0489956118880752 0.9635802718233498
0.0 0.0 1.060742710127859 1.0484563575359354 0.964521207837958
0.0 0.0 1.004313660572125 1.029810039550109 0.8969698792552895
0.0 0.0 1.0394815931780208 1.005308026414988 0.9062902784120319
0.0 0.0 1.0589348286368145 1.0446916564189388 0.9594199101370644
0.0 0.0 1.0705436595417435 1.0310417127503473 0.9572645751160537
0.0 0.0 1.0102681718620217 1.0387773135680587 0.9101448064762978
0.0 0.0 1.0288690134376093 1.0013192620774543 0.8934783353971522
0.0 0.0 1.0776461337300252 1.0300735814861526 0.9627106851083909
0.0 0.0 1.0460662268886 1.0064936912713156 0.913106860678153
0.0 0.0 1.006965894256651 1.0050478128589717 0.8777136494959544
0.0 0.0 1.0020923894344056 1.0343296737486156 0.8989139416781332
0.0 0.0 1.0664820518334404 0.9960572600526443 0.9212748687988837
0.0 0.0 1.096219489113925 0.9867716618165242 0.9381354685369276
0.0 0.0 1.0010989644182227 1.0238570903939177 0.8889303258004903
0.0 0.0 1.0021453870659307 1.034462130321948 0.8990766037955407
0.0 0.0 1.0458719974675323 0.9817124141075385 0.8904595297195966
0.0 0.0 1.0178510596281087 0.9816781430394225 0.8665721404620771
0.0 0.0 1.024596845661681 0.9832092212204756 0.873675838745524
0.0 0.0 1.0649203199487283 1.0394715331456759 0.9600217718957864
0.0 0.0 1.030521554745296 1.026932066577017 0.9178044589760455
0.0 0.0 1.0466053334501924 0.9886817637460987 0.8974098566479476
0.0 0.0 1.0400128324779896 1.0090978679558034 0.9101717561444653
0.0 0.0 1.0825222869300928 1.0292453162138198 0.9662891737265635
0.0 0.0 1.0937799884788109 1.0387208324686694 0.9853265457329138
0.0 0.0 1.033792142079555 1.0064777062044044 0.9023785313305688
0.0 0.0 1.091480255655689 1.011374023073163 0.9573683076723379
0.0 0.0 1.0139769767997344 1.0181022031024858 0.8953046484629791
0.0 0.0 1.0843602679640512 1.0046992432837256 0.9448460230830005
0.0 0.0 1.047505327410056 1.037030976596144 0.9421050626583586
0.0 0.0 1.0057249502200085 1.0428215454948018 0.909579341075263
0.0 0.0 1.03422347791259 0.9994698910188763 0.896469412577748
0.0 0.0 1.0620503936194272 1.0235920675694186 0.9428083146212594
0.0 0.0 1.0447060029135515 1.008489657874614 0.9137279444399016
0.0 0.0 1.0431419577189596 1.0065576254093223 0.9106121181853128
0.0 0.0 1.0094034224141906 1.0190401866620147 0.8920874958851178
0.0 0.0 1.0108749824986396 0.9957788443856208 0.8729949108516687
0.0 0.0 1.0455462596303093 1.0262556888376213 0.9305724658704853
0.0 0.0 1.057653698920384 1.0147001922733285 0.930749053645539
0.0 0.0 1.0462912303782106 1.0238001840408344 0.9290073640767118
0.0 0.0 1.0498405506026387 0.9956994524486594 0.9065734162562096
0.0 0.0 1.067303772909388 1.041202804387303 0.9637729699644756
0.0 0.0 1.0839912596208245 1.0176648084967848 0.9567135062516002
0.0 0.0 1.0140065328128347 1.0147666983949202 0.8923974642771034
0.0 0.0 1.0275916217800292 1.0471175057150315 0.9331841267639676
0.0 0.0 1.0004443235285536 0.9995096098139292 0.8672239565091097
0.0 0.0 1.0251681756623292 1.0451218180431363 0.929208979846532
0.0 0.0 1.0157977196407877 1.049383710488332 0.9244702077046637
0.0 0.0 1.0429534110071987 0.9909783262020362 0.896355799929997
0.0 0.0 1.0691052664752245 0.9916021169604987 0.9194101252759176
0.0 0.0 1.0972604395056762 0.9848324051225339 0.9371808802207667
0.0 0.0 1.0466238830049106 1.0246760527002243 0.9300977534387765
0.0 0.0 1.0358685180910197 1.0494774369324018 0.9428206983696951
0.0 0.0 1.0833762072738107 1.0459172997154706 0.9827159568827919
0.0 0.0 1.0441340502878302 0.9847083711581001 0.8916927935311848
0.0 0.0 1.0508528813244165 1.0399061382083359 0.9477361121502186
0.0 0.0 1.028244171789532 1.0137611670526885 0.90403090165145
0.0 0.0 1.0256882834974987 1.0171222581969823 0.9047736019149973
0.0 0.0 1.03362454833766 1.0129399318593935 0.9080251453852763
0.0 0.0 1.0735278977947247 1.0437200421521449 0.9717369705301331
0.0 0.0 1.00959621209566 1.0400942826964548 0.9106925622260953
0.0 0.0 1.0377143214174966 1.013439867276326 0.9120678836254617
0.0 0.0 1.0351817403519143 1.0210572800867022 0.9166806775266728
0.0 0.0 1.0805842233940932 1.036515412830853 0.9713723897644087
0.0 0.0 1.069423988375657 1.0155230373550932 0.9418702285475838
0.0 0.0 1.0858722577544726 1.0041548364177124 0.9456507909896049
0.0 0.0 1.0428803227058834 0.9979233001241478 0.9025743850759246
0.0 0.0 1.0995179720690162 0.9881697331856957 0.9422914450140497
0.0 0.0 1.008141799021528 1.007433640558292 0.8808246065913223
0.0 0.0 1.017395051675144 1.0434409364271782 0.9206803202260518
0.0 0.0 1.0632834473256076 0.9914571026489165 0.9142697473232837
0.0 0.0 1.0268404438906351 1.002331335290959 0.8926180024275114
0.0 0.0 1.0547675241107324 1.0122663245261514 0.9259827724189581
0.0 0.0 1.0037980236024366 1.0153421747459754 0.8839142397109668
0.0 0.0 1.014669086331329 1.0319547267681197 0.9081057837604233
0.0 0.0 1.0379920033342405 1.0400774781221398 0.9362914726634236
0.0 0.0 1.0215342994129866 1.0257945666255186 0.9087924611097993
0.0 0.0 1.0155493578569925 1.0047189597976034 0.8849057187139112
0.0 0.0 1.0518228922500383 1.0305416986829705 0.9400686202477148
0.0 0.0 1.0541836250898597 0.9870821413364356 0.9024453853922665
0.0 0.0 1.0657493093316008 0.9822324677396959 0.9078638295238226
0.0 0.0 1.0850574554109516 0.9995396349902107 0.9405981568163156
0.0 0.0 1.0769840046870234 1.015174274357871 0.9482027815926902
0.0 0.0 1.0554830341105845 1.01682788245975 0.9307864907426836
0.0 0.0 1.0719102229373703 1.0028726638580963 0.932299764383095
0.0 0.0 1.034171245502967 1.000949718293682 0.8977513937764685
0.0 0.0 1.0891021801825242 1.0112376542005603 0.9551536244382607
0.0 0.0 1.0153695402072773 1.0087032713505382 0.8882575924494683
0.0 0.0 1.0732582015832899 1.0280344399307098 0.9568927146965921
0.0 0.0 1.018245982477293 0.9914317653955811 0.8755216762340964
0.0 0.0 1.0673238320457994 1.002748986013711 0.928196243283867
0.0 0.0 1.0854181820171884 1.0116657702610437 0.9523257253756559
0.0 0.0 1.0899335212813046 1.0035383397633777 0.9486048633938974
0.0 0.0 1.0204744633329277 1.032116293321175 0.9134444540764545
0.0 0.0 1.0174286410372324 1.044361398887865 0.9215229135964158
0.0 0.0 1.0622075530088424 1.0472333780105567 0.9647265462657802
0.0 0.0 1.0545767748705517 1.0357604822409394 0.9473029894082738
0.0 0.0 1.0341352969300637 1.0124429601920055 0.9080281129041972
0.0 0.0 1.0434360839101242 1.0478916371948843 0.9482734556582828
0.0 0.0 1.0707635045496486 0.9932028596217088 0.9223226836243694
0.0 0.0 1.083046290667897 1.022060422323837 0.9600082352745501
0.0 0.0 1.0111877831310303 1.0098195356067823 0.8855782673850278
0.0 0.0 1.0435591541317462 1.0324284049817205 0.9343904365832963
0.0 0.0 1.0259275044018175 0.9839252697805909 0.8754475984631367
0.0 0.0 1.036415218110968 1.0285002512921693 0.924463037276049
0.0 0.0 1.0673940152278334 0.9954004969869341 0.9214546897600913
0.0 0.0 1.0579209289585176 0.9876604772648231 0.9061753665011519
0.0 0.0 1.0148833845620822 1.0171705747881097 0.8952849803380839
0.0 0.0 1.0459395432282568 1.0246466702007309 0.9294629517647474
0.0 0.0 1.0061408188102285 1.0430037404701664 0.9101144348083721
0.0 0.0 1.0800129566666468 1.0178481555715306 0.9533740523362074
0.0 0.0 1.0201295339247372 1.0141006615208707 0.8971968810150969
0.0 0.0 1.0559981239516019 1.024859929881876 0.938596711048132
0.0 0.0 1.0535253716784727 1.0137053852675204 0.9262071318416645
0.0 0.0 1.0365778790477118 0.9840981588646305 0.8846912337579456
0.0 0.0 1.0707567271721163 1.0183629673383312 0.9456812481117867
0.0 0.0 1.0631463348225718 1.024066011315672 0.9442181983538073
0.0 0.0 1.0284045625907794 0.9938339137703041 0.8863988326118013
0.0 0.0 1.0086358259016508 1.0363100737968156 0.9065160083864442
0.0 0.0 1.0864812997177424 0.9909661169887393 0.9337539009508684
0.0 0.0 1.0891343344639353 1.0277075303606509 0.970738727321762
0.0 0.0 1.0308557588059146 1.0004973668949115 0.8944688472836135
0.0 0.0 1.080980911919384 1.0074289292524758 0.9444605258975028
0.0 0.0 1.0189359225786696 1.028234277930724 0.9086367947069307
0.0 0.0 1.0124534028954928 1.0224193053696278 0.8977500825199028
0.0 0.0 1.0052584705612313 1.0258232720247564 0.8943379434536685
0.0 0.0 1.0685345051972974 0.9848048723604015 0.9126202639334581
0.0 0.0 1.0727012442819055 1.0034772293345733 0.9335501960114282
0.0 0.0 1.0889769629602088 1.028032593196649 0.9709054623659964
0.0 0.0 1.0948760172732526 1.0237444369404913 0.9720931117384074
0.0 0.0 1.0385118432634806 1.0435305164257171 0.9398704070573026
0.0 0.0 1.0726418361282413 1.0372168003385465 0.964885194273466
0.0 0.0 1.004354517120175 0.9838835037192324 0.8570024909844282
0.0 0.0 1.0892944735362897 1.0122139130885253 0.9562445452716034
0.0 0.0 1.055738653404876 1.0201105016058527 0.9340174907198959
0.0 0.0 1.011748123473755 1.0306778807113703 0.9043712161762157
0.0 0.0 1.069151649955103 0.9964306137860535 0.9239271743253457
0.0 0.0 1.0362612617381917 1.0376615852139683 0.9325591135166984
0.0 0.0 1.0880417308071673 1.0127861091777168 0.9556847519705929
0.0 0.0 1.0269879531769541 1.029086984916166 0.9165766787553712
0.0 0.0 1.0086311589157197 0.9807530709997372 0.857913348399811
0.0 0.0 1.0088378503804543 1.0382752996864602 0.90841701162332
0.0 0.0 1.0607337389410203 1.0203694403416126 0.9386748760749897
0.0 0.0 1.0264685939245703 1.0110525207417531 0.9000585265837768
0.0 0.0 1.0650057142217222 1.0334497993876715 0.9545368330086265
0.0 0.0 1.0989415631522743 0.9839575751603196 0.9377829679462162
0.0 0.0 1.0809136951561826 0.9813616878634219 0.9199653848896949
0.0 0.0 1.0558215708304353 0.99544774072964 0.911507746476247
0.0 0.0 1.0918735977383378 1.0060937124876543 0.9527131672421354
0.0 0.0 1.0299352472967895 1.0223318165597715 0.9131732187769789
0.0 0.0 1.024960034064769 1.0401490417992039 0.9245999653069175
0.0 0.0 1.060563664778805 1.017798683080566 0.9361598186744832
0.0 0.0 1.08668503306501 1.019047092146622 0.9603937114330113
0.0 0.0 1.041739993896155 1.0341319010108396 0.9343006289945599
0.0 0.0 1.0642397554455432 1.035470993892876 0.9557158400446003
0.0 0.0 1.0583809449627952 0.9846250590103564 0.9037832012953408
0.0 0.0 1.0462711720839886 1.0323822376253136 0.9367768531987917
0.0 0.0 1.070938130556092 1.001107707693724 0.9298150148175119
0.0 0.0 1.088144376878802 1.0467838512323921 0.9878588713468412
0.0 0.0 1.0548641466016477 1.0229510434365934 0.9358424677611912
0.0 0.0 1.08158547625186 1.0304324322620817 0.9665664896378975
0.0 0.0 1.0809881824159713 0.990725651011267 0.9288075174082937
0.0 0.0 1.0104836056260187 0.9854628710336186 0.8636164498030862
0.0 0.0 1.0119240950755157 1.0494364009190706 0.9209910912223233
0.0 0.0 1.035716707627058 0.9910717396838071 0.8902201958474527
0.0 0.0 1.0018466804023 1.0192521509773085 0.885593189857953
0.0 0.0 1.078569427150334 1.0468996870989864 0.9792747210334175
0.0 0.0 1.0643886648846708 1.0092602001017608 0.9316542217410195
0.0 0.0 1.0947551818540746 0.9873308003238739 0.9374131961404198
0.0 0.0 1.0744948510037835 0.9805115918595605 0.9137101285325613
0.0 0.0 1.063823960429236 1.009832074490242 0.9316875593253398
0.0 0.0 1.0735057400652446 1.0447209660572423 0.9726487869305653
0.0 0.0 1.0251087931905853 0.9820788107095365 0.8731073972371566
0.0 0.0 1.068455170748214 1.007761071800205 0.9338244730764224
0.0 0.0 1.027523990699019 1.0262375813172746 0.9145158846625463
0.0 0.0 1.0490090652054134 1.0016344254049685 0.9112548479073029
0.0 0.0 1.0154263571466653 1.0481760591164049 0.9230687238528814
0.0 0.0 1.0782042800125675 0.9959149789757008 0.9312680081830517
0.0 0.0 1.0979901945515578 0.9909276044561628 0.9436083093230461
0.0 0.0 1.0928822839292491 1.0065768909926962 0.9540512603997942
0.0 0.0 1.0653252066905616 1.0243284995579423 0.9463958499044354
0.0 0.0 1.087349835483299 1.002045578577405 0.944948494102197
0.0 0.0 1.0111147176819968 1.0111120646358838 0.8866477013298747
0.0 0.0 1.0392306352066267 1.0177757354410635 0.9173084655856596
0.0 0.0 1.0106390220558035 1.0394368812020123 0.9110570083456553
0.0 0.0 1.098029334419212 1.0286031605369614 0.9795196779978351
0.0 0.0 1.0691703061058309 1.0116445619851309 0.9380504758048813
0.0 0.0 1.0162554988310033 0.9880992115252725 0.870873006322839
0.0 0.0 1.06331542188315 0.9862653747571846 0.9095095576388884
0.0 0.0 1.096505320714207 0.9810248649055104 0.9329151085784049
0.0 0.0 1.0951016176066788 1.03968882111129 0.9874364688769158
0.0 0.0 1.0522284610181365 1.020957225948938 0.931684691953292
0.0 0.0 1.0326970050781734 1.0480908552247596 0.9386922176153145
0.0 0.0 1.0160344462627946 1.0109506852197838 0.890819614455525
0.0 0.0 1.0919665301055415 1.048455489212342 0.9929118477149123
0.0 0.0 1.0512036238826523 1.0101107040296615 0.920888799381441
0.0 0.0 1.0808241597855892 0.980480016843646 0.9190627382196339
0.0 0.0 1.0555594356840396 1.0409587049377973 0.9529443986169918
0.0 0.0 1.0665328532334801 1.0428628322732072 0.9646122999615384
0.0 0.0 1.0123404709025223 1.012944596182074 0.889331467180067
0.0 0.0 1.0221420464101232 0.9893312641153382 0.8770096159791496
0.0 0.0 1.0685956305405648 0.9992855209711358 0.9260924783014757
0.0 0.0 1.0457396223875446 1.0297669202950845 0.9339290151139465
0.0 0.0 1.0426719716720763 1.00652661782559 0.9101738039704442
0.0 0.0 1.0208682313671782 1.0342178101667452 0.9156575266227395
0.0 0.0 1.0097651646841312 0.9858887461381696 0.8633753824483319
0.0 0.0 1.066727812562308 1.0471298302330065 0.968736176508832
0.0 0.0 1.0620566161889142 1.0326784995515883 0.951183201782508
